
V1= -5 * ones(1,3)
V2= 1:2:30
V3=[V1,V2]
